25
25
25
25
25
54
89
61
76
20
45
86
79
90
81
17
30
77
34
37
92
94
91
69
64
82
100
27
81
20
18
77
5
19
32
70
15
63
23
44
12
97
92
21
60
4
72
1
71
57
90
49
53
14
88
55
39
74
39
13
52
6
8
95
70
72
92
89
45
90
43
83
51
21
9
76
88
49
45
20
51
81
0
21
47
57
100
4
13
73
74
27
20
22
42
48
36
64
59
75
70
24
41
66
90
81
49
86
78
63
72
46
93
45
85
11
100
68
53
48
40
6
84
83
47
1
23
62
61
77
33
94
2
1
77
17
26
85
65
73
59
52
1
35
35
78
6
16
41
6
15
49
87
51
65
47
64
98
67
29
37
16
99
37
45
69
43
14
85
90
86
16
51
77
70
44
21
94
62
94
85
15
98
23
84
28
53
75
97
39
21
87
50
67
44
81
16
13
14
44
12
78
25
20
96
86
81
55
6
30
44
52
21
65
1
68
19
23
96
9
77
99
94
11
74
65
53
79
25
27
95
33
19
53
28
58
58
42
3
23
6
3
52
18
77
63
7
82
18
37
50
39
51
27
70
96
91
11
40
19
93
86
55
45
5
56
87
23
34
100
10
7
34
68
75
87
100
84
25
99
88
19
54
50
77
19
42
2
100
38
93
14
12
17
98
83
80
34


