69
69
69
69
69
98
23
05
10
64
89
20
13
34
25
51
74
11
78
71
36
38
35
03
08
26
544
61
25
64
52
11
9
53
76
14
59
07
67
88
56
31
36
65
04
8
16
5
15
91
34
83
97
58
22
99
73
18
73
57
96
0
2
39
14
16
36
23
89
34
87
27
95
65
3
10
22
83
89
64
95
25
4
65
81
91
544
8
57
17
18
61
64
66
86
82
70
08
93
19
14
68
85
00
34
25
83
20
12
07
16
80
37
89
29
55
544
02
97
82
84
0
28
27
81
5
67
06
05
11
77
38
6
5
11
51
60
29
09
17
93
96
5
79
79
12
0
50
85
0
59
83
21
95
09
81
08
32
01
63
71
50
33
71
89
03
87
58
29
34
20
50
95
11
14
88
65
38
06
38
29
59
32
67
28
62
97
19
31
73
65
21
94
01
88
25
50
57
58
88
56
12
69
64
30
20
25
99
0
74
88
96
65
09
5
02
53
67
30
3
11
33
38
55
18
09
97
13
69
61
39
77
53
97
62
92
92
86
7
67
0
7
96
52
11
07
1
26
52
71
94
73
95
61
14
30
35
55
84
53
37
20
99
89
9
90
21
67
78
544
54
1
78
02
19
21
544
28
69
33
22
53
98
94
11
53
86
6
544
72
37
58
56
51
32
27
24
78

